1.0 2.0 4.0 2014.255351 36393.19
0.9 10.0 12.0 1680.540179 36419.51
0.6 10.0 12.0 1328.191297 24219.85
0.6 4.0 2.0 2859.44042 18862.01
0.7 0.0 12.0 1313.263743 11218.42
0.5 6.0 14.0 1271.869567 18228.94
0.6 6.0 2.0 2630.424468 18970.51
1.0 0.0 0.0 2547.784743 36317.51
1.0 4.0 6.0 1558.076377 29985.16
0.5 8.0 14.0 1278.123799 20822.35
0.8 8.0 12.0 1361.320422 30758.54
0.6 8.0 4.0 1800.42916 10775.89
0.5 2.0 6.0 2084.897678 14864.83
0.8 6.0 8.0 1349.81201 17315.1
1.0 4.0 2.0 2079.802409 36338.35
0.5 0.0 2.0 3624.167804 12595.79
0.9 4.0 4.0 1749.505296 27772.59
0.8 0.0 12.0 1310.06086 15432.12
1.0 6.0 10.0 1343.801912 19662.62
0.7 0.0 6.0 1983.587762 10802.27
0.5 2.0 4.0 2804.74862 12678.52
0.7 8.0 6.0 1427.856381 10884.97
0.9 4.0 10.0 1317.263697 15282.86
0.5 8.0 0.0 5000.332116 12602.32
1.0 10.0 2.0 1637.661866 36225.83
0.8 10.0 12.0 1537.873629 36424.78
0.9 4.0 2.0 2040.531678 36327.94
0.5 6.0 0.0 5022.511473 14693.93
1.0 2.0 8.0 1472.690781 25890.24
1.0 6.0 4.0 1572.944521 36307.32
0.8 10.0 2.0 1528.555961 19240.02
0.8 6.0 4.0 1631.072354 15148.72
0.9 6.0 4.0 1541.968527 25795.95
0.9 10.0 8.0 1468.342464 25968.68
0.7 2.0 0.0 2968.382913 27098.82
0.9 0.0 6.0 1886.883404 23495.74
0.8 2.0 4.0 2101.979941 14956.6
0.6 0.0 4.0 2601.345619 10651.96
0.9 10.0 6.0 1506.415675 21523.9
0.7 4.0 14.0 1271.57459 24894.0
1.0 0.0 2.0 2524.250165 36327.7
1.0 10.0 14.0 2250.711024 36354.11
0.8 2.0 0.0 2566.382537 29395.75
0.6 6.0 6.0 1630.248431 8734.11
0.8 4.0 4.0 1836.733098 17066.55
0.5 4.0 14.0 1266.167382 16119.52
0.5 10.0 8.0 1364.836274 10978.41
0.6 0.0 10.0 1435.221761 8879.08
0.6 2.0 2.0 3053.489799 18842.8
0.6 6.0 14.0 1268.070557 22757.82
1.0 2.0 14.0 1293.198126 27337.72
1.0 2.0 6.0 1718.817531 30082.46
0.6 10.0 2.0 2045.705842 14828.51
0.5 0.0 8.0 1730.222585 8710.59
0.7 10.0 10.0 1369.038389 19597.91
0.9 6.0 6.0 1454.543818 23658.3
0.6 8.0 8.0 1353.926401 10924.18
0.9 2.0 2.0 2240.094436 35811.29
0.9 10.0 10.0 1521.80336 36370.86
0.9 4.0 6.0 1537.363365 25713.84
1.0 10.0 8.0 1612.24448 34376.89
0.6 10.0 0.0 2918.561304 12676.23
0.8 10.0 6.0 1447.394204 19376.39
1.0 4.0 12.0 1295.76713 19752.54
0.9 4.0 12.0 1284.176859 17665.83
0.5 6.0 6.0 1786.323249 17090.44
0.8 0.0 8.0 1590.643012 13020.47
0.6 0.0 0.0 3722.019016 12581.95
0.5 6.0 4.0 2346.008412 10628.19
0.7 4.0 8.0 1419.439444 10909.08
1.0 6.0 6.0 1495.508178 27974.31
0.9 8.0 14.0 1568.119023 36540.2
0.7 8.0 10.0 1309.209494 13202.94
1.0 8.0 4.0 1593.476294 29959.26
0.6 4.0 14.0 1267.214011 18165.47
0.7 10.0 2.0 1711.022236 12862.92
1.0 6.0 12.0 1356.962017 28415.15
0.8 4.0 2.0 2175.249552 21110.88
0.9 2.0 6.0 1706.756992 23604.1
1.0 8.0 10.0 1450.749101 32559.76
1.0 10.0 4.0 1696.944579 25716.02
0.7 10.0 6.0 1413.755921 10896.83
0.7 2.0 14.0 1273.72673 18109.14
0.6 2.0 12.0 1299.255183 11151.04
0.6 2.0 10.0 1382.85864 8897.74
0.9 0.0 0.0 2364.737107 36310.6
0.9 6.0 14.0 1383.792566 36559.28
0.8 0.0 4.0 2271.844459 16982.23
0.7 8.0 0.0 2566.918453 16962.53
0.9 8.0 0.0 1865.777546 36325.05
0.8 6.0 12.0 1296.58097 19881.55
0.9 8.0 10.0 1392.699949 26037.38
0.7 6.0 6.0 1505.616635 10928.86
0.9 0.0 14.0 1287.551166 23238.14
0.6 4.0 12.0 1285.295193 11148.52
0.5 0.0 12.0 1329.484556 8947.94
1.0 4.0 0.0 2369.474345 36322.51
0.9 8.0 8.0 1391.712439 17420.02
0.8 10.0 0.0 1787.887829 29570.52
0.9 6.0 8.0 1358.717854 17338.63
0.8 2.0 14.0 1273.680399 22885.93
0.8 4.0 14.0 1277.089752 24991.04
0.6 0.0 12.0 1317.818664 11117.43
0.8 2.0 10.0 1343.23478 15387.07
0.5 8.0 12.0 1274.208686 11165.1
0.8 10.0 10.0 1420.742784 30340.1
0.5 10.0 14.0 1321.59124 33868.75
0.7 10.0 0.0 2204.569258 29469.74
0.7 10.0 14.0 1524.871729 36434.35
0.6 10.0 10.0 1317.814555 13172.09
0.7 6.0 8.0 1359.43776 13076.98
0.9 2.0 4.0 2006.496131 29844.43
0.8 0.0 2.0 2477.453345 23270.78
0.5 10.0 6.0 1523.244259 8761.1
0.8 8.0 0.0 2077.487352 29570.1
0.6 4.0 10.0 1334.947039 11038.73
1.0 8.0 14.0 1697.459511 36489.61
0.8 8.0 4.0 1504.07904 15143.09
0.5 2.0 10.0 1413.822886 10958.24
0.5 6.0 12.0 1278.813005 11103.81
0.5 0.0 6.0 2227.20182 10742.5
1.0 0.0 14.0 1301.175618 25068.84
0.5 2.0 8.0 1643.68152 10869.12
0.8 4.0 0.0 2560.52704 29376.07
0.5 4.0 10.0 1364.872251 8879.34
0.8 4.0 6.0 1572.391232 15021.86
1.0 10.0 10.0 1738.719119 36385.89
0.8 10.0 4.0 1509.744747 17226.82
0.9 10.0 0.0 1654.893494 36341.06
1.0 4.0 10.0 1335.264417 15416.25
0.9 8.0 6.0 1453.060437 21542.42
0.7 4.0 6.0 1668.761813 10853.18
0.8 4.0 10.0 1309.582372 15377.86
0.6 8.0 0.0 3294.021457 12682.51
1.0 10.0 12.0 1847.090224 36369.09
0.7 6.0 4.0 1784.594764 10797.14
0.9 0.0 8.0 1582.721013 17274.74
0.7 8.0 8.0 1343.241802 13073.81
0.5 6.0 8.0 1457.530339 10908.29
0.6 10.0 6.0 1438.727854 8780.44
0.6 8.0 2.0 2360.980123 18943.07
0.6 2.0 6.0 1943.349721 10784.51
0.9 4.0 14.0 1282.164335 27758.47
1.0 2.0 2.0 2306.935465 36328.22
0.5 8.0 4.0 2088.040327 10697.11
0.6 2.0 4.0 2482.891469 10661.27
0.7 6.0 0.0 2810.881943 27147.19
0.7 2.0 4.0 2259.310536 12780.13
0.9 8.0 2.0 1601.761693 36219.24
0.5 6.0 2.0 3198.95632 12589.52
0.8 0.0 6.0 1917.207978 14986.34
0.6 0.0 14.0 1272.839987 16139.94
0.5 4.0 2.0 3346.584734 22882.0
0.9 10.0 2.0 1513.69603 31977.8
1.0 2.0 10.0 1358.437431 19614.58
1.0 0.0 4.0 2244.860585 36330.68
1.0 8.0 0.0 1855.132826 36336.08
0.9 8.0 4.0 1509.932842 27889.12
1.0 4.0 14.0 1302.230813 27616.62
0.5 2.0 0.0 5149.513805 12552.22
1.0 6.0 0.0 2109.894998 36349.64
0.6 6.0 0.0 3619.232213 12633.43
0.8 8.0 2.0 1713.158518 23433.05
0.9 6.0 10.0 1318.388432 17534.69
0.7 8.0 4.0 1594.416105 10857.25
0.6 0.0 2.0 3126.891155 18807.43
0.6 2.0 14.0 1270.425851 16183.59
0.8 4.0 8.0 1385.504627 17284.46
1.0 6.0 8.0 1388.593292 19561.62
0.8 8.0 8.0 1347.62479 17293.18
0.6 4.0 6.0 1786.51868 10804.84
0.9 6.0 12.0 1318.135676 21929.52
0.5 0.0 0.0 5258.112826 12536.72
0.6 0.0 8.0 1660.049798 8731.61
0.7 6.0 10.0 1303.411361 13189.74
0.9 0.0 4.0 2210.134257 29606.27
0.5 10.0 12.0 1296.897775 15553.91
0.6 2.0 0.0 3747.871323 12555.7
0.5 4.0 0.0 5229.18116 12538.96
0.5 10.0 4.0 1880.39947 10733.76
0.7 8.0 12.0 1314.93794 19874.8
0.9 10.0 4.0 1586.64756 21473.5
1.0 4.0 8.0 1404.940141 21758.27
0.7 0.0 8.0 1619.226174 10852.56
0.8 8.0 6.0 1408.231244 19407.5
0.9 2.0 14.0 1280.796294 25147.34
0.8 8.0 10.0 1330.546637 19667.98
0.5 2.0 14.0 1270.589627 13865.62
0.7 4.0 12.0 1281.538285 13378.88
0.8 6.0 14.0 1320.508949 34243.49
0.9 0.0 10.0 1405.254246 17379.91
0.9 4.0 0.0 2341.462081 36329.32
0.7 6.0 14.0 1282.492457 27080.43
0.7 8.0 2.0 1951.044824 12853.06
1.0 0.0 8.0 1593.512913 21558.68
1.0 8.0 12.0 1588.528832 36406.42
0.9 0.0 2.0 2429.684277 33713.73
0.5 0.0 14.0 1271.753365 13760.6
1.0 10.0 6.0 1579.06171 25761.85
0.7 4.0 2.0 2487.987431 18947.02
0.5 2.0 12.0 1309.276414 8971.53
0.8 2.0 12.0 1289.574825 15376.11
0.9 2.0 12.0 1294.339616 17704.14
0.5 10.0 10.0 1302.023694 10982.08
0.6 10.0 8.0 1351.998671 10947.49
0.5 10.0 2.0 2542.238814 29202.25
0.8 2.0 8.0 1478.045732 15249.95
1.0 2.0 12.0 1304.324411 19810.09
0.9 6.0 0.0 2118.723891 36320.25
0.6 6.0 4.0 2033.429989 10707.31
1.0 0.0 6.0 1913.104369 27754.33
0.5 8.0 10.0 1307.56128 11039.35
0.6 10.0 14.0 1393.614637 36791.21
1.0 4.0 4.0 1750.590736 36267.29
0.5 8.0 6.0 1626.654117 14953.82
0.9 8.0 12.0 1439.558928 36385.39
0.8 0.0 0.0 2548.705258 29322.29
0.7 10.0 8.0 1363.001016 15230.86
0.9 2.0 8.0 1463.333299 19454.29
0.8 0.0 14.0 1281.177353 20554.14
0.6 0.0 6.0 2086.676125 10750.13
1.0 0.0 12.0 1323.44587 21980.4
0.7 2.0 2.0 2711.405961 12692.9
0.6 8.0 10.0 1302.341384 11066.98
0.7 0.0 14.0 1276.73856 18358.53
0.6 8.0 6.0 1501.526137 8766.4
0.7 2.0 6.0 1843.379712 10832.46
0.5 8.0 8.0 1401.072001 6741.45
0.7 0.0 2.0 2729.267232 23222.12
0.8 2.0 2.0 2384.413805 23341.31
0.6 8.0 14.0 1310.790773 32127.29
0.6 6.0 10.0 1309.290893 10988.55
0.6 2.0 8.0 1568.538127 10911.06
0.7 6.0 12.0 1276.16192 15525.33
0.7 10.0 12.0 1397.052266 36423.47
0.8 4.0 12.0 1280.470261 15551.19
0.8 0.0 10.0 1406.231488 13228.6
0.6 4.0 8.0 1473.258879 10886.05
0.8 6.0 10.0 1304.882655 15346.05
0.7 2.0 12.0 1291.760503 13324.52
0.7 0.0 4.0 2422.500695 14833.8
0.8 6.0 0.0 2347.846308 29466.53
0.9 2.0 0.0 2452.668607 36313.55
0.5 10.0 6.0 1520.06445 10877.8
0.8 10.0 8.0 1389.175687 17386.8
0.7 8.0 14.0 1377.931876 36591.05
0.5 10.0 0.0 4432.51151 12621.59
0.9 4.0 8.0 1381.783824 21799.46
0.9 2.0 10.0 1345.175995 17429.47
0.6 10.0 4.0 1626.743743 12900.21
0.9 6.0 2.0 1789.856352 31967.84
0.6 8.0 12.0 1290.394505 17664.88
1.0 8.0 6.0 1503.488973 21555.06
1.0 2.0 0.0 2562.137775 36323.63
1.0 0.0 10.0 1416.648457 19595.79
0.7 0.0 0.0 2975.404068 16789.48
0.5 4.0 8.0 1549.807417 10858.79
0.7 4.0 0.0 2961.50974 27084.01
0.9 10.0 14.0 1929.981674 36384.18
1.0 10.0 0.0 1693.890539 36343.21
0.9 0.0 12.0 1314.611328 17626.75
0.5 4.0 4.0 2612.878741 10712.8
0.5 2.0 2.0 3481.699285 29060.45
0.5 8.0 2.0 2939.348266 12609.96
0.7 2.0 10.0 1360.104102 10955.3
0.5 0.0 10.0 1460.865658 8810.67
0.8 10.0 14.0 1670.162786 36825.09
0.5 4.0 6.0 1969.25674 6563.08
0.7 10.0 4.0 1505.384479 10848.44
0.5 6.0 10.0 1329.959506 8891.58
0.8 8.0 14.0 1442.360685 36395.86
0.7 4.0 4.0 2035.164063 12877.33
0.7 4.0 10.0 1318.230944 11043.22
0.8 6.0 2.0 1943.102596 27575.3
0.7 6.0 2.0 2250.809494 12793.65
0.6 6.0 12.0 1271.714717 13322.59
0.6 4.0 0.0 3770.110326 12621.17
1.0 8.0 8.0 1417.792032 21866.21
1.0 8.0 2.0 1620.128845 36348.48
0.6 6.0 8.0 1395.590972 10909.37
0.7 0.0 10.0 1414.752908 10989.01
1.0 6.0 2.0 1812.145883 36335.07
0.7 2.0 8.0 1521.322055 10894.45
0.5 4.0 12.0 1292.698578 9022.76
0.5 0.0 4.0 2836.012122 16765.67
1.0 6.0 14.0 1433.882412 36474.95
0.8 6.0 6.0 1454.02874 17186.18
0.8 2.0 6.0 1752.565517 15054.51
0.6 4.0 4.0 2277.597145 10683.48
